Y1,X1,X2
1,3,2
1400,1500,100
190,400,210
40,90,50
50000,100000,50000
20,40,20
20,80,60
1,3,2
1400,1500,100
190,400,210
40,90,50
50000,100000,50000
20,40,20
20,80,60
1,3,2
1400,1500,100
190,400,210
40,90,50
50000,100000,50000
20,40,20
20,80,60
1,3,2
1400,1500,100
190,400,210
40,90,50
50000,100000,50000
20,40,20
20,80,60
1,3,2
1400,1500,100
190,400,210
40,90,50
50000,100000,50000
20,40,20
20,80,60
1,3,2
1400,1500,100
190,400,210
40,90,50
50000,100000,50000
20,40,20
20,80,60
1,3,2
1400,1500,100
190,400,210
40,90,50
50000,100000,50000
20,40,20
20,80,601,3,2
1400,1500,100
190,400,210
40,90,50
50000,100000,50000
20,40,20
20,80,60
90,180,90
0,90,90
0,80,80
0,10,10
0,10000,10000
0,20,20
9090,9091,1

